3 329
5 3267
7 3127
9 5071
11 5709
13 8870
15 13353
17 19646
19 26520
21 34994
23 47447
25 59735
27 74833
29 94939
31 113832
33 137171
35 166658
37 193732
39 227238
41 266562
43 307060
45 350421
47 409519
49 454027
51 511237
53 577556
55 649552
57 730449
59 798270
61 911171
63 1016288
65 1080714
67 1209957
69 1274699
71 1442228
73 1556942
75 1663336
77 1782298
79 1963764
81 2081101
83 2345771
85 2414894
87 2593357
89 2769446
91 2993925
93 3182036
95 3371550
97 3646342
99 3815466
101 4102089
103 4294749
105 4606980
107 4813495
109 5045434
111 6484083
113 5779942
115 6035389
117 6744590
119 7584895
121 7003635
